2000
1881
1009
321
307
70
989
1079
1278
528
695
520
339
476
1855
122
206
1575
469
1138
1478
1126
832
1734
1781
795
401
265
697
30
1987
1095
564
599
1383
149
878
1136
1743
1340
1710
722
795
659
1990
734
1083
533
528
575
1154
1292
1362
1379
726
524
1979
157
345
368
1759
931
1767
1524
1694
1195
854
1153
491
968
727
1214
765
277
1600
8
1744
1303
162
1973
945
97
1514
876
1775
1712
1028
432
293
1978
451
267
845
334
709
1117
1923
735
1475
1583
459
1403
469
1117
1846
1032
231
1650
997
495
931
929
100
176
610
1732
1545
947
1308
572
1796
811
1176
503
1012
506
1898
1560
1642
110
1680
277
520
559
553
73
1901
1091
24
826
91
1303
968
667
1642
1592
1362
1932
897
125
1234
532
1976
1815
1504
1999
464
1334
714
1069
1452
120
1036
270
1650
1222
1035
799
1307
1867
712
133
318
1667
338
229
1753
1308
900
166
825
1753
1436
1585
103
1221
1049
1671
1794
1449
1990
128
1874
1747
1700
1850
1971
1417
1308
1258
863
1495
1250
565
963
1812
56
1406
1122
635
263
951
723
1778
896
1174
75
423
926
125
948
142
621
111
1337
522
669
624
948
1736
1623
227
1849
468
793
1125
1819
1697
638
1010
843
1680
844
1149
280
34
1598
1725
1174
671
337
857
1116
1498
1220
1602
75
1268
1899
225
1785
847
88
1740
489
665
298
600
1575
1918
140
1645
286
876
1515
1711
1268
1986
1159
1838
41
1256
869
231
1642
1293
1137
1799
684
1327
1723
1128
1338
348
385
1116
1098
1904
1702
420
1586
378
476
1868
1447
1850
149
382
1507
1734
1865
122
1202
1626
1101
818
794
1726
1868
593
632
1448
8
814
1253
1115
1192
445
549
1591
1691
1538
872
634
986
728
615
5
685
1111
1779
1224
1863
1989
433
494
868
1710
1087
1685
369
1880
1260
877
1345
159
1726
410
1591
592
1081
1132
150
767
738
715
1489
548
48
938
1333
1007
487
217
1646
880
1908
1385
6
889
1610
1493
879
790
100
1201
74
1694
1682
1907
714
8
1658
1694
1489
1203
130
576
754
480
1830
834
961
258
455
819
1466
234
1134
574
1712
1394
164
1206
224
2
1797
688
1638
97
326
1426
1293
521
705
874
1631
243
528
1626
1025
1277
1351
894
1969
146
1342
1935
606
990
980
259
642
53
160
744
247
796
627
250
72
337
1678
1603
448
1742
431
644
346
915
1284
1405
1284
423
862
782
839
654
1198
1150
1461
259
1920
1104
704
789
531
1609
1757
958
677
497
386
836
386
815
381
1534
1165
1107
874
117
1828
1180
1402
1019
1918
316
192
1005
1804
